0 , 0 , -0.000386477 , -0.00195546 , 0 , 0 , 0.000208494 , 0.00107858 , 5.29337e-05 , 0.000273767 , 0.016412 , 0.0836923 , 1.05867e-06 , 5.47535e-06 , 0.00032824 , 0.00167385 , 8.43879e-05 , 0.000430409 , -0.05
0 , 0 , -0.000718959 , -0.00375793 , 0 , 0 , 0.00021546 , 0.00111452 , 0.000475298 , 0.00245726 , 0.0257755 , 0.134404 , 1.05646e-05 , 5.46206e-05 , 0.00084375 , 0.00436193 , 0.000224765 , 0.00116197 , -0.05
0 , 0 , -0.000692006 , -0.00358828 , 0 , 0 , 0.000231957 , 0.0012 , 0.000988376 , 0.00512447 , 0.0254871 , 0.132082 , 3.03321e-05 , 0.00015711 , 0.00135349 , 0.00700357 , 0.000373939 , 0.00193509 , -0.05
0 , 0 , -0.000620725 , -0.00320686 , 0 , 0 , 0.000258454 , 0.00133732 , 0.00148618 , 0.00770094 , 0.0242517 , 0.125349 , 6.00558e-05 , 0.000311129 , 0.00183853 , 0.00951055 , 0.000526797 , 0.00272554 , -0.05
0 , 0 , -0.000547855 , -0.0028277 , 0 , 0 , 0.000294544 , 0.00152425 , 0.00196146 , 0.0101569 , 0.0232372 , 0.120046 , 9.92849e-05 , 0.000514267 , 0.00230327 , 0.0119115 , 0.000684009 , 0.0035382 , -0.05
0 , 0 , -0.000476276 , -0.0024579 , 0 , 0 , 0.000339836 , 0.00175872 , 0.00241931 , 0.0125223 , 0.022512 , 0.116313 , 0.000147671 , 0.000764713 , 0.00275351 , 0.0142377 , 0.000846696 , 0.00437921 , -0.05
0 , 0 , -0.000405123 , -0.00209071 , 0 , 0 , 0.000394046 , 0.00203927 , 0.0028652 , 0.0148264 , 0.0220447 , 0.113923 , 0.000204975 , 0.00106124 , 0.0031944 , 0.0165162 , 0.00101593 , 0.00525416 , -0.05
0 , 0 , -0.000333812 , -0.00172277 , 0 , 0 , 0.000456993 , 0.00236497 , 0.00330409 , 0.0170948 , 0.021814 , 0.112758 , 0.000271057 , 0.00140314 , 0.00363068 , 0.0187714 , 0.00119277 , 0.00616857 , -0.05
0 , 0 , -0.000262014 , -0.00135242 , 0 , 0 , 0.000528593 , 0.0027354 , 0.0037406 , 0.0193515 , 0.0218085 , 0.112761 , 0.000345869 , 0.00179017 , 0.00406685 , 0.0210266 , 0.00137831 , 0.00712812 , -0.05
0 , 0 , -0.000189469 , -0.000978343 , 0 , 0 , 0.000608848 , 0.00315058 , 0.00417916 , 0.0216193 , 0.0220212 , 0.113894 , 0.000429452 , 0.00222255 , 0.00450728 , 0.0233045 , 0.0015737 , 0.00813879 , -0.05
0 , 0 , -0.000115909 , -0.000599165 , 0 , 0 , 0.00069785 , 0.003611 , 0.00462408 , 0.0239209 , 0.0224471 , 0.116135 , 0.000521934 , 0.00270097 , 0.00495622 , 0.0256272 , 0.00178015 , 0.00920687 , -0.05
0 , 0 , -4.10504e-05 , -0.000213391 , 0 , 0 , 0.000795775 , 0.00411759 , 0.00507961 , 0.0262781 , 0.0230834 , 0.119468 , 0.000623526 , 0.00322653 , 0.00541789 , 0.0280166 , 0.00199895 , 0.010339 , -0.05
0 , 0 , 3.54153e-05 , 0.000180603 , 0 , 0 , 0.000902882 , 0.0046717 , 0.00554994 , 0.0287127 , 0.0239286 , 0.123885 , 0.000734525 , 0.00380079 , 0.00589646 , 0.0304942 , 0.00223144 , 0.0115423 , -0.05
0 , 0 , 0.000113819 , 0.000584563 , 0 , 0 , 0.00101952 , 0.00527513 , 0.00603925 , 0.0312464 , 0.0249832 , 0.129387 , 0.00085531 , 0.00442571 , 0.00639612 , 0.033082 , 0.00247907 , 0.0128241 , -0.05
0 , 0 , 0.000194515 , 0.00100037 , 0 , 0 , 0.0011461 , 0.0059301 , 0.00655174 , 0.033901 , 0.026249 , 0.135984 , 0.000986344 , 0.00510373 , 0.0069211 , 0.0358017 , 0.00274338 , 0.0141926 , -0.05
0 , 0 , 0.000277882 , 0.00143003 , 0 , 0 , 0.00128315 , 0.00663927 , 0.00709169 , 0.0366986 , 0.0277298 , 0.143694 , 0.00112818 , 0.0058377 , 0.0074757 , 0.0386755 , 0.00302601 , 0.0156561 , -0.05
0 , 0 , 0.000364326 , 0.00187572 , 0 , 0 , 0.00143126 , 0.00740574 , 0.00766345 , 0.0396617 , 0.0294308 , 0.152543 , 0.00128145 , 0.00663094 , 0.00806431 , 0.0417264 , 0.00332871 , 0.0172239 , -0.05
0 , 0 , 0.000454278 , 0.00233975 , 0 , 0 , 0.00159111 , 0.00823309 , 0.00827149 , 0.0428135 , 0.0313589 , 0.162565 , 0.00144688 , 0.00748721 , 0.00869149 , 0.0449777 , 0.00365336 , 0.0189056 , -0.05
0 , 0 , 0.000548202 , 0.00282462 , 0 , 0 , 0.00176348 , 0.00912533 , 0.00892043 , 0.0461779 , 0.0335228 , 0.173802 , 0.00162529 , 0.00841077 , 0.00936195 , 0.0484538 , 0.00400197 , 0.0207116 , -0.05
0 , 0 , 0.00064659 , 0.00333302 , 0 , 0 , 0.00194924 , 0.010087 , 0.00961511 , 0.0497796 , 0.0359329 , 0.186305 , 0.00181759 , 0.00940636 , 0.0100806 , 0.0521798 , 0.00437672 , 0.0226531 , -0.05
0 , 0 , 0.000749971 , 0.00386787 , 0 , 0 , 0.00214935 , 0.0111231 , 0.0103606 , 0.0536445 , 0.0386012 , 0.200131 , 0.0020248 , 0.0104792 , 0.0108526 , 0.0561825 , 0.00477992 , 0.0247421 , -0.05
0 , 0 , 0.000858909 , 0.00443237 , 0 , 0 , 0.00236489 , 0.0122391 , 0.0111621 , 0.0577998 , 0.0415418 , 0.215346 , 0.00224804 , 0.0116352 , 0.0116835 , 0.0604894 , 0.00521409 , 0.0269915 , -0.05
0 , 0 , 0.000974008 , 0.00503008 , 0 , 0 , 0.00259704 , 0.0134413 , 0.0120253 , 0.0622739 , 0.0447706 , 0.232019 , 0.00248855 , 0.0128807 , 0.0125789 , 0.0651298 , 0.00568191 , 0.029415 , -0.05
0 , 0 , 0.00109592 , 0.00566487 , 0 , 0 , 0.00284709 , 0.0147362 , 0.0129562 , 0.0670968 , 0.0483054 , 0.250228 , 0.00274767 , 0.0142227 , 0.013545 , 0.0701343 , 0.00618629 , 0.0320274 , -0.05
0 , 0 , 0.00122533 , 0.00633987 , 0 , 0 , 0.00311646 , 0.0161312 , 0.0139609 , 0.0723004 , 0.0521661 , 0.270089 , 0.00302689 , 0.0156687 , 0.0145883 , 0.0755361 , 0.00673038 , 0.0348448 , -0.05
0 , 0 , 0.00136298 , 0.00705223 , 0 , 0 , 0.0034067 , 0.0176342 , 0.0150464 , 0.0779207 , 0.0563749 , 0.291899 , 0.00332782 , 0.0172271 , 0.0157158 , 0.0813741 , 0.00731754 , 0.0378853 , -0.05
0 , 0 , 0.00150968 , 0.00777732 , 0 , 0 , 0.00371949 , 0.0192541 , 0.0162198 , 0.0840058 , 0.0609564 , 0.316581 , 0.00365221 , 0.0189072 , 0.0169349 , 0.0877057 , 0.00795143 , 0.0411728 , -0.05
0 , 0 , 0.00166629 , 0.00845896 , 0 , 0 , 0.00405667 , 0.0210008 , 0.0174888 , 0.0906316 , 0.0659375 , 0.34596 , 0.00400199 , 0.0207198 , 0.0182537 , 0.0946249 , 0.008636 , 0.044742 , 0
0 , 0 , 0.00183371 , 0.00929037 , 0 , 0 , 0.00442023 , 0.0228857 , 0.0188617 , 0.0978417 , 0.0713478 , 0.375022 , 0.00437922 , 0.0226767 , 0.0196806 , 0.102125 , 0.00937549 , 0.0486029 , 0
0 , 0 , 0.00201296 , 0.0134266 , 0 , 0 , 0.00481235 , 0.0249148 , 0.0203475 , 0.104761 , 0.0772198 , 0.316897 , 0.00478617 , 0.0247719 , 0.021225 , 0.108463 , 0.0101745 , 0.0523071 , 0
0 , 0.065 , 0.0022051 , 0.0449166 , 0 , 0.065 , 0.00523538 , 0.0270208 , 0.0219556 , 0.102994 , 0.0835887 , -0.493644 , 0.00522529 , 0.0268318 , 0.0228968 , 0.0985904 , 0.011038 , 0.0518606 , 0
0 , 0.065 , 0.00241127 , 0.0490161 , 0 , 0.065 , 0.00569186 , 0.028979 , 0.0236965 , 0.0925306 , 0.0904934 , -0.552714 , 0.00569921 , 0.0286824 , 0.0247067 , 0.0875361 , 0.0119714 , 0.0509049 , 0
0 , 0.065 , 0.00263272 , 0.0497739 , 0 , 0.065 , 0.00618456 , 0.0307217 , 0.0255812 , 0.0817482 , 0.0979757 , -0.525545 , 0.00621084 , 0.0303173 , 0.0266662 , 0.0770252 , 0.0129805 , 0.0498715 , 0
0 , 0.065 , 0.00287079 , 0.0503446 , 0 , 0.065 , 0.00671648 , 0.0322541 , 0.0276218 , 0.0715028 , 0.106081 , -0.499017 , 0.00676327 , 0.0317474 , 0.0287878 , 0.0670449 , 0.0140716 , 0.0487679 , 0.05
0 , 0.065 , 0.00312693 , 0.0509209 , 0 , 0.065 , 0.00729087 , 0.0335865 , 0.0298313 , 0.0617312 , 0.11486 , -0.47816 , 0.0073599 , 0.032982 , 0.031085 , 0.0574817 , 0.0152514 , 0.0475747 , 0.05
0 , 0.065 , 0.00340269 , 0.0514457 , 0 , 0.065 , 0.00791125 , 0.0347273 , 0.0322236 , 0.0523381 , 0.124366 , -0.461168 , 0.00800437 , 0.0340288 , 0.0335724 , 0.0482583 , 0.0165273 , 0.04628 , 0.05
0 , 0.065 , 0.00369976 , 0.0518934 , 0 , 0.065 , 0.00858141 , 0.0356834 , 0.0348138 , 0.0432551 , 0.134658 , -0.447145 , 0.00870065 , 0.0348939 , 0.0362655 , 0.0393154 , 0.0179073 , 0.0448748 , 0.05
0 , 0.065 , 0.00401998 , 0.0522599 , 0 , 0.065 , 0.00930548 , 0.0364605 , 0.0376184 , 0.0344256 , 0.145798 , -0.435821 , 0.00945302 , 0.0355824 , 0.0391815 , 0.030599 , 0.0193999 , 0.0433505 , 0.05
0 , 0.065 , 0.0043653 , 0.0525469 , 0 , 0.065 , 0.0100879 , 0.0370629 , 0.040655 , 0.0257964 , 0.157856 , -0.427117 , 0.0102661 , 0.0360983 , 0.0423386 , 0.0220566 , 0.0210145 , 0.0416978 , 0.05
0 , 0.065 , 0.00473786 , 0.0527565 , 0 , 0.065 , 0.0109336 , 0.0374944 , 0.0439426 , 0.0173153 , 0.170905 , -0.420997 , 0.011145 , 0.0364446 , 0.0457567 , 0.0136367 , 0.0227611 , 0.0399065 , 0.05
0 , 0.065 , 0.00513999 , 0.0528902 , 0 , 0.065 , 0.0118476 , 0.0377572 , 0.047502 , 0.00893112 , 0.185027 , -0.417438 , 0.012095 , 0.0366233 , 0.0494572 , 0.00528794 , 0.0246506 , 0.0379657 , 0.05
0 , 0.065 , 0.00557417 , 0.0529491 , 0 , 0.065 , 0.0128358 , 0.0378528 , 0.0513553 , 0.000592599 , 0.200308 , -0.416425 , 0.0131221 , 0.0366351 , 0.0534634 , -0.00304057 , 0.0266947 , 0.0358632 , 0.05
0 , 0.065 , 0.00604314 , 0.0529337 , 0 , 0.065 , 0.0139041 , 0.0377817 , 0.0555269 , -0.00775116 , 0.216842 , -0.417961 , 0.0142327 , 0.0364801 , 0.0578002 , -0.0113998 , 0.0289062 , 0.0335861 , 0.05
0 , 0.065 , 0.00654982 , 0.0528437 , 0 , 0.065 , 0.0150593 , 0.0375432 , 0.0600426 , -0.0161513 , 0.23473 , -0.422059 , 0.0154335 , 0.0361571 , 0.0624948 , -0.019841 , 0.0312989 , 0.0311201 , 0.05
0 , 0.065 , 0.00709742 , 0.0526787 , 0 , 0.065 , 0.0163085 , 0.0371356 , 0.0649307 , -0.0246593 , 0.254082 , -0.428748 , 0.0167321 , 0.0356639 , 0.0675765 , -0.0284159 , 0.0338876 , 0.02845 , 0.05
0 , 0.065 , 0.00768939 , 0.0524375 , 0 , 0.065 , 0.0176593 , 0.0365564 , 0.0702217 , -0.0333274 , 0.275016 , -0.438072 , 0.0181366 , 0.0349973 , 0.0730768 , -0.0371774 , 0.0366883 , 0.0255592 , 0.05
0 , 0.065 , 0.0083295 , 0.0521184 , 0 , 0.065 , 0.0191203 , 0.0358017 , 0.0759485 , -0.0422089 , 0.29766 , -0.450089 , 0.0196555 , 0.0341531 , 0.07903 , -0.0461792 , 0.0397186 , 0.0224298 , 0.05
0 , 0.065 , 0.00902183 , 0.0517195 , 0 , 0.065 , 0.0207005 , 0.0348668 , 0.0821466 , -0.0513585 , 0.322151 , -0.464872 , 0.0212985 , 0.033126 , 0.085473 , -0.0554766 , 0.0429972 , 0.0190423 , 0.05
0 , 0.065 , 0.00977083 , 0.0512379 , 0 , 0.065 , 0.0224097 , 0.0337458 , 0.0888545 , -0.0608322 , 0.348637 , -0.482511 , 0.0230755 , 0.0319093 , 0.0924458 , -0.0651268 , 0.0465445 , 0.0153758 , 0.05
0 , 0.065 , 0.0105813 , 0.0506704 , 0 , 0.065 , 0.0242585 , 0.0324315 , 0.0961137 , -0.0706884 , 0.377277 , -0.503111 , 0.0249978 , 0.0304956 , 0.0999913 , -0.075189 , 0.0503823 , 0.0114076 , 0.05
0 , 0.065 , 0.0114587 , 0.0500131 , 0 , 0.065 , 0.0262583 , 0.0309158 , 0.103969 , -0.0809874 , 0.40824 , -0.52679 , 0.0270772 , 0.0288758 , 0.108156 , -0.0857248 , 0.0545345 , 0.00711311 , 0.05
0 , 0.065 , 0.0124087 , 0.0492613 , 0 , 0.065 , 0.0284216 , 0.0291891 , 0.112468 , -0.091792 , 0.441707 , -0.553683 , 0.0293266 , 0.02704 , 0.11699 , -0.0967985 , 0.0590265 , 0.00246604 , 0.05
0 , 0.065 , 0.0134375 , 0.0484101 , 0 , 0.065 , 0.0307617 , 0.0272407 , 0.121664 , -0.103168 , 0.477878 , -0.583948 , 0.0317598 , 0.0249766 , 0.126548 , -0.108477 , 0.0638861 , -0.00256223 , 0.05
0 , 0.065 , 0.01455 , 0.0474561 , 0 , 0.065 , 0.0332932 , 0.0250585 , 0.131613 , -0.115186 , 0.51702 , -0.617828 , 0.0343921 , 0.0226729 , 0.136888 , -0.120834 , 0.0691435 , -0.00800287 , 0.05
0 , 0.065 , 0.0157442 , 0.046405 , 0 , 0.065 , 0.0360317 , 0.0226289 , 0.14238 , -0.127923 , 0.559622 , -0.655854 , 0.0372397 , 0.0201144 , 0.148081 , -0.133951 , 0.0748325 , -0.0138913 , 0.05
0 , 0.065 , 0.0170028 , 0.0452822 , 0 , 0.065 , 0.0389944 , 0.0199365 , 0.154042 , -0.141473 , 0.606627 , -0.699148 , 0.0403205 , 0.017285 , 0.160213 , -0.147934 , 0.0809934 , -0.0202706 , 0.05
0 , 0.065 , 0.0183576 , 0.0440495 , 0 , 0.065 , 0.0421999 , 0.0169642 , 0.166685 , -0.155936 , 0.657679 , -0.747135 , 0.0436542 , 0.0141663 , 0.173367 , -0.162877 , 0.0876663 , -0.0271827 , 0.05
0 , 0.065 , 0.0206486 , 0.0416184 , 0 , 0.065 , 0.0456673 , 0.0136947 , 0.180163 , -0.17111 , 0.69013 , -0.770262 , 0.0472575 , 0.0107441 , 0.187169 , -0.178282 , 0.0947736 , -0.0345158 , 0
0.0166667 , 0.0433333 , 0.0308813 , 0.0288849 , 0.0166667 , 0.0433333 , 0.0493968 , 0.0101354 , 0.192172 , -0.183984 , 0.510739 , -0.517197 , 0.051101 , 0.0070644 , 0.197384 , -0.188626 , 0.10121 , -0.0408215 , 0
0.0333333 , 0.0216667 , 0.0420254 , 0.0149919 , 0.0333333 , 0.0216667 , 0.0533292 , 0.00637092 , 0.200397 , -0.191534 , 0.311808 , -0.237805 , 0.0551089 , 0.00323372 , 0.20362 , -0.193382 , 0.106801 , -0.0458596 , 0
0.05 , 0 , 0.0532231 , 0.00105765 , 0.05 , 0 , 0.0573864 , 0.00251124 , 0.204664 , -0.193511 , 0.114844 , 0.0400966 , 0.0592022 , -0.000636506 , 0.205917 , -0.19258 , 0.111478 , -0.0495262 , 0
0.0666667 , -0.0216667 , 0.0644391 , -0.0128699 , 0.0666667 , -0.0216667 , 0.0614896 , -0.00133239 , 0.204999 , -0.189928 , -0.081358 , 0.318255 , 0.0633022 , -0.00443506 , 0.20429 , -0.186215 , 0.115165 , -0.0517089 , 0
0.0833333 , -0.0433333 , 0.0756409 , -0.0267427 , 0.0833333 , -0.0433333 , 0.0655603 , -0.0050486 , 0.201405 , -0.180761 , -0.278067 , 0.598422 , 0.0673303 , -0.00805027 , 0.198729 , -0.174247 , 0.117781 , -0.0522857 , 0
0.1 , -0.065 , 0.086013 , -0.0394425 , 0.1 , -0.065 , 0.0695211 , -0.00852719 , 0.194075 , -0.166249 , -0.454921 , 0.852783 , 0.0712117 , -0.0113752 , 0.18963 , -0.157191 , 0.119353 , -0.0512808 , -0.05
0.100833 , -0.065 , 0.0888755 , -0.041826 , 0.100833 , -0.065 , 0.0733133 , -0.0116829 , 0.185233 , -0.149406 , -0.429277 , 0.831482 , 0.0749164 , -0.0143634 , 0.181045 , -0.140561 , 0.120878 , -0.0500472 , -0.05
0.101667 , -0.065 , 0.090883 , -0.0429969 , 0.101667 , -0.065 , 0.076935 , -0.0145076 , 0.177093 , -0.133233 , -0.384747 , 0.785862 , 0.0784583 , -0.017028 , 0.17335 , -0.124844 , 0.122466 , -0.0487218 , -0.05
0.1025 , -0.065 , 0.0928325 , -0.0440435 , 0.1025 , -0.065 , 0.0804027 , -0.0170177 , 0.169816 , -0.117919 , -0.342868 , 0.745493 , 0.0818546 , -0.0193864 , 0.166492 , -0.109934 , 0.124122 , -0.047295 , -0.05
0.103333 , -0.065 , 0.0947536 , -0.0450033 , 0.103333 , -0.065 , 0.0837331 , -0.0192292 , 0.163348 , -0.103354 , -0.303995 , 0.710966 , 0.0851215 , -0.0214535 , 0.160413 , -0.0957148 , 0.125845 , -0.0457523 , -0.05
0.104167 , -0.065 , 0.0966298 , -0.0458504 , 0.104167 , -0.065 , 0.0869417 , -0.021156 , 0.157635 , -0.0894329 , -0.267242 , 0.681184 , 0.0882742 , -0.0232421 , 0.155068 , -0.0820911 , 0.127641 , -0.0440824 , -0.05
0.105 , -0.065 , 0.0984591 , -0.0465785 , 0.105 , -0.065 , 0.0900433 , -0.0228101 , 0.152641 , -0.0760646 , -0.232146 , 0.65564 , 0.0913271 , -0.0247634 , 0.150425 , -0.0689783 , 0.129515 , -0.0422748 , -0.05
0.105833 , -0.065 , 0.100246 , -0.0471899 , 0.105833 , -0.065 , 0.0930519 , -0.0242016 , 0.148336 , -0.063167 , -0.198448 , 0.634122 , 0.0942938 , -0.0260268 , 0.146456 , -0.0562959 , 0.131474 , -0.0403184 , -0.05
0.106667 , -0.065 , 0.101997 , -0.0476889 , 0.106667 , -0.065 , 0.0959811 , -0.0253392 , 0.144692 , -0.0506607 , -0.165948 , 0.616506 , 0.0971876 , -0.02704 , 0.143137 , -0.0439658 , 0.133525 , -0.0382015 , -0.05
0.1075 , -0.065 , 0.103718 , -0.048079 , 0.1075 , -0.065 , 0.0988438 , -0.02623 , 0.141688 , -0.0384687 , -0.134453 , 0.602694 , 0.100021 , -0.0278094 , 0.140448 , -0.0319119 , 0.135676 , -0.0359107 , -0.05
0.108333 , -0.065 , 0.105415 , -0.048363 , 0.108333 , -0.065 , 0.101653 , -0.0268795 , 0.139305 , -0.0265156 , -0.103777 , 0.592612 , 0.102807 , -0.0283397 , 0.138372 , -0.0200597 , 0.137936 , -0.0334322 , -0.05
0.109167 , -0.065 , 0.107093 , -0.0485427 , 0.109167 , -0.065 , 0.10442 , -0.0272916 , 0.13753 , -0.0147275 , -0.073735 , 0.586201 , 0.105558 , -0.0286342 , 0.136898 , -0.00833564 , 0.140312 , -0.0307504 , -0.05
0.11 , -0.065 , 0.108758 , -0.0486196 , 0.11 , -0.065 , 0.107158 , -0.0274691 , 0.136351 , -0.00303125 , -0.0441443 , 0.583425 , 0.108285 , -0.0286949 , 0.136015 , 0.00333286 , 0.142815 , -0.0278488 , -0.05
0.110833 , -0.065 , 0.110416 , -0.0485939 , 0.110833 , -0.065 , 0.109878 , -0.027413 , 0.135762 , 0.00864567 , -0.0148255 , 0.584267 , 0.111 , -0.0285219 , 0.135718 , 0.0150182 , 0.145455 , -0.0247093 , -0.05
0.111667 , -0.065 , 0.11207 , -0.0484657 , 0.111667 , -0.065 , 0.112592 , -0.0271229 , 0.135757 , 0.0203756 , 0.0143998 , 0.58873 , 0.113715 , -0.0281144 , 0.136006 , 0.0267928 , 0.148243 , -0.0213126 , -0.05
0.1125 , -0.065 , 0.113728 , -0.0482339 , 0.1125 , -0.065 , 0.115312 , -0.0265971 , 0.136339 , 0.0322314 , 0.0437094 , 0.596841 , 0.116442 , -0.0274698 , 0.13688 , 0.0387296 , 0.151192 , -0.0176376 , -0.05
0.113333 , -0.065 , 0.115393 , -0.0478969 , 0.113333 , -0.065 , 0.11805 , -0.0258323 , 0.137508 , 0.0442862 , 0.0732811 , 0.608643 , 0.119192 , -0.0265841 , 0.138346 , 0.0509025 , 0.154314 , -0.0136616 , -0.05
0.114167 , -0.065 , 0.117072 , -0.0474524 , 0.114167 , -0.065 , 0.120817 , -0.0248238 , 0.139274 , 0.0566146 , 0.103293 , 0.6242 , 0.121978 , -0.0254518 , 0.140412 , 0.0633865 , 0.157624 , -0.00936006 , -0.05
0.115 , -0.065 , 0.11877 , -0.0468971 , 0.115 , -0.065 , 0.123625 , -0.0235654 , 0.141646 , 0.0692926 , 0.133926 , 0.643594 , 0.124811 , -0.0240659 , 0.14309 , 0.0762584 , 0.161137 , -0.00470646 , -0.05
0.115833 , -0.065 , 0.120492 , -0.0462272 , 0.115833 , -0.065 , 0.126487 , -0.0220493 , 0.144639 , 0.0823979 , 0.165365 , 0.666937 , 0.127704 , -0.022418 , 0.146398 , 0.0895971 , 0.164869 , 0.000327766 , -0.05
0.116667 , -0.065 , 0.122243 , -0.0454407 , 0.116667 , -0.065 , 0.129415 , -0.0202661 , 0.148271 , 0.0960116 , 0.197828 , 0.694428 , 0.130669 , -0.0204977 , 0.150354 , 0.103486 , 0.168839 , 0.00577384 , -0.05
0.1175 , -0.065 , 0.124024 , -0.0445442 , 0.1175 , -0.065 , 0.132422 , -0.0182048 , 0.152566 , 0.110221 , 0.231652 , 0.726557 , 0.13372 , -0.0182933 , 0.154987 , 0.118017 , 0.173066 , 0.0116673 , -0.05
0.118333 , -0.065 , 0.125827 , -0.0435641 , 0.118333 , -0.065 , 0.135522 , -0.0158526 , 0.157557 , 0.125131 , 0.26742 , 0.764407 , 0.136871 , -0.0157907 , 0.160336 , 0.133305 , 0.177575 , 0.018051 , -0.05
0.119167 , -0.065 , 0.127672 , -0.0424632 , 0.119167 , -0.065 , 0.138729 , -0.0131943 , 0.163281 , 0.140849 , 0.304999 , 0.80737 , 0.140137 , -0.0129737 , 0.166436 , 0.149452 , 0.18239 , 0.0249673 , -0.05
0.12 , -0.065 , 0.130022 , -0.0401539 , 0.12 , -0.065 , 0.142057 , -0.0102146 , 0.169651 , 0.157181 , 0.331991 , 0.825859 , 0.14353 , -0.00983009 , 0.173075 , 0.16597 , 0.187468 , 0.0323041 , 0
0.13 , -0.0433333 , 0.136732 , -0.0275328 , 0.13 , -0.0433333 , 0.145511 , -0.00692288 , 0.175392 , 0.171125 , 0.242171 , 0.568513 , 0.147038 , -0.0064076 , 0.177919 , 0.17734 , 0.192206 , 0.0386131 , 0
0.14 , -0.0216667 , 0.143936 , -0.0137436 , 0.14 , -0.0216667 , 0.14906 , -0.00340549 , 0.179228 , 0.179662 , 0.14136 , 0.28517 , 0.150623 , -0.00281436 , 0.180746 , 0.183043 , 0.196508 , 0.0436543 , 0
0.15 , 0 , 0.151164 , 9.47611e-05 , 0.15 , 0 , 0.152667 , 0.00022608 , 0.181056 , 0.18255 , 0.041447 , 0.00362235 , 0.154244 , 0.000836632 , 0.181575 , 0.183116 , 0.20034 , 0.0473236 , 0
0.16 , 0.0216667 , 0.158398 , 0.0139337 , 0.16 , 0.0216667 , 0.156289 , 0.0038591 , 0.180889 , 0.179807 , -0.0581633 , -0.277903 , 0.157861 , 0.00443277 , 0.180412 , 0.177558 , 0.203662 , 0.0495088 , 0
0.17 , 0.0433333 , 0.165622 , 0.0277247 , 0.17 , 0.0433333 , 0.159889 , 0.00738085 , 0.178726 , 0.171416 , -0.158131 , -0.561176 , 0.161436 , 0.00786109 , 0.177249 , 0.166334 , 0.206434 , 0.0500878 , 0
0.18 , 0.065 , 0.172406 , 0.0403489 , 0.18 , 0.065 , 0.163426 , 0.0106799 , 0.174667 , 0.15762 , -0.247724 , -0.818406 , 0.164929 , 0.0110135 , 0.172295 , 0.149966 , 0.208669 , 0.0490849 , 0.05
0.181667 , 0.065 , 0.175238 , 0.0426626 , 0.181667 , 0.065 , 0.166871 , 0.0136698 , 0.169882 , 0.141439 , -0.230792 , -0.799752 , 0.168327 , 0.0138423 , 0.167679 , 0.133971 , 0.210895 , 0.0478531 , 0.05
0.183333 , 0.065 , 0.177618 , 0.0437691 , 0.183333 , 0.065 , 0.170224 , 0.0163415 , 0.165535 , 0.125875 , -0.203951 , -0.756577 , 0.171638 , 0.0163598 , 0.1636 , 0.118839 , 0.21317 , 0.0465292 , 0.05
0.185 , 0.065 , 0.179967 , 0.0447561 , 0.185 , 0.065 , 0.173496 , 0.0187102 , 0.16171 , 0.111125 , -0.178516 , -0.718465 , 0.174872 , 0.0185823 , 0.160029 , 0.10447 , 0.215498 , 0.0451038 , 0.05
0.186667 , 0.065 , 0.182302 , 0.0456609 , 0.186667 , 0.065 , 0.176696 , 0.0207911 , 0.158378 , 0.0970801 , -0.154652 , -0.686022 , 0.178039 , 0.0205239 , 0.156936 , 0.0907497 , 0.21788 , 0.0435622 , 0.05
0.188333 , 0.065 , 0.184614 , 0.0464572 , 0.188333 , 0.065 , 0.179834 , 0.0225973 , 0.155513 , 0.0836382 , -0.131869 , -0.658163 , 0.18115 , 0.0221966 , 0.154299 , 0.0775864 , 0.220321 , 0.0418933 , 0.05
0.19 , 0.065 , 0.186904 , 0.0471383 , 0.19 , 0.065 , 0.182919 , 0.02414 , 0.153095 , 0.0707126 , -0.109904 , -0.634396 , 0.184212 , 0.0236109 , 0.152101 , 0.0648985 , 0.222825 , 0.0400865 , 0.05
0.191667 , 0.065 , 0.189172 , 0.0477064 , 0.191667 , 0.065 , 0.185961 , 0.0254287 , 0.15111 , 0.0582235 , -0.0885989 , -0.61452 , 0.187234 , 0.0247754 , 0.150329 , 0.0526081 , 0.225397 , 0.0381308 , 0.05
0.193333 , 0.065 , 0.191425 , 0.0481654 , 0.193333 , 0.065 , 0.188966 , 0.0264713 , 0.149546 , 0.0460941 , -0.0678249 , -0.598419 , 0.190225 , 0.0256972 , 0.148972 , 0.0406397 , 0.228044 , 0.0360143 , 0.05
0.195 , 0.065 , 0.193666 , 0.0485184 , 0.195 , 0.065 , 0.191945 , 0.0272744 , 0.148393 , 0.0342498 , -0.0474588 , -0.586008 , 0.193193 , 0.0263822 , 0.148023 , 0.0289195 , 0.230771 , 0.033724 , 0.05
0.196667 , 0.065 , 0.195897 , 0.0487682 , 0.196667 , 0.065 , 0.194905 , 0.0278427 , 0.147645 , 0.0226176 , -0.0273784 , -0.577219 , 0.196145 , 0.0268346 , 0.147476 , 0.0173752 , 0.233585 , 0.0312456 , 0.05
0.198333 , 0.065 , 0.198124 , 0.0489164 , 0.198333 , 0.065 , 0.197854 , 0.02818 , 0.147296 , 0.0111253 , -0.0074623 , -0.572003 , 0.199091 , 0.0270571 , 0.147326 , 0.00593509 , 0.236493 , 0.0285638 , 0.05
0.2 , 0.065 , 0.200349 , 0.048964 , 0.2 , 0.065 , 0.200799 , 0.0282882 , 0.147346 , -0.000298002 , 0.0124105 , -0.570332 , 0.202038 , 0.0270511 , 0.147575 , -0.00547154 , 0.239503 , 0.0256621 , 0.05
0.201667 , 0.065 , 0.202577 , 0.0489114 , 0.201667 , 0.065 , 0.20375 , 0.0281681 , 0.147794 , -0.0117233 , 0.0323608 , -0.572195 , 0.204994 , 0.0268167 , 0.148222 , -0.0169154 , 0.242623 , 0.0225224 , 0.05
0.203333 , 0.065 , 0.20481 , 0.0487582 , 0.203333 , 0.065 , 0.206714 , 0.0278188 , 0.148642 , -0.0232212 , 0.0525101 , -0.577603 , 0.207967 , 0.0263523 , 0.149272 , -0.0284675 , 0.245862 , 0.0191253 , 0.05
0.205 , 0.065 , 0.207053 , 0.0485033 , 0.205 , 0.065 , 0.209698 , 0.0272383 , 0.149897 , -0.0348631 , 0.0729806 , -0.586586 , 0.210965 , 0.025655 , 0.150732 , -0.0401992 , 0.249231 , 0.0154497 , 0.05
0.206667 , 0.065 , 0.209308 , 0.0481451 , 0.206667 , 0.065 , 0.212712 , 0.0264229 , 0.151566 , -0.0467209 , 0.0938963 , -0.599196 , 0.213996 , 0.0247206 , 0.15261 , -0.0521831 , 0.252739 , 0.011473 , 0.05
0.208333 , 0.065 , 0.211581 , 0.0476808 , 0.208333 , 0.065 , 0.215764 , 0.0253675 , 0.153659 , -0.0588679 , 0.115383 , -0.615501 , 0.217069 , 0.0235432 , 0.154917 , -0.0644932 , 0.256398 , 0.00717053 , 0.05
0.21 , 0.065 , 0.213875 , 0.0471072 , 0.21 , 0.065 , 0.218862 , 0.0240658 , 0.156188 , -0.0713788 , 0.137567 , -0.635587 , 0.220193 , 0.0221156 , 0.157669 , -0.0772049 , 0.26022 , 0.00251586 , 0.05
0.211667 , 0.065 , 0.216193 , 0.0464205 , 0.211667 , 0.065 , 0.222014 , 0.0225095 , 0.15917 , -0.0843304 , 0.160584 , -0.659572 , 0.223377 , 0.020429 , 0.16088 , -0.0903963 , 0.264219 , -0.00251961 , 0.05
0.213333 , 0.065 , 0.21854 , 0.0456182 , 0.213333 , 0.065 , 0.225232 , 0.0206891 , 0.162622 , -0.0978027 , 0.184596 , -0.687657 , 0.226629 , 0.018473 , 0.164572 , -0.104149 , 0.268408 , -0.00796713 , 0.05
0.215 , 0.065 , 0.220914 , 0.0447072 , 0.215 , 0.065 , 0.228523 , 0.0185934 , 0.166566 , -0.111883 , 0.209877 , -0.720337 , 0.22996 , 0.0162353 , 0.16877 , -0.118556 , 0.272805 , -0.0138622 , 0.05
0.216667 , 0.065 , 0.223309 , 0.0437137 , 0.216667 , 0.065 , 0.231898 , 0.0162092 , 0.171034 , -0.126673 , 0.236923 , -0.758698 , 0.233381 , 0.0137019 , 0.173508 , -0.13373 , 0.277429 , -0.0202478 , 0.05
0.218333 , 0.065 , 0.22574 , 0.0426003 , 0.218333 , 0.065 , 0.235368 , 0.0135211 , 0.176059 , -0.142281 , 0.265578 , -0.802136 , 0.236902 , 0.0108562 , 0.17882 , -0.149773 , 0.282299 , -0.0271661 , 0.05
0.22 , 0.065 , 0.228628 , 0.0402794 , 0.22 , 0.065 , 0.238943 , 0.0105139 , 0.18156 , -0.158513 , 0.284538 , -0.821067 , 0.240533 , 0.00768597 , 0.184511 , -0.166194 , 0.287375 , -0.0345052 , 0
0.23 , 0.0433333 , 0.235477 , 0.0276475 , 0.23 , 0.0433333 , 0.242626 , 0.00719643 , 0.186378 , -0.172365 , 0.197201 , -0.564132 , 0.244261 , 0.00423866 , 0.188455 , -0.177477 , 0.292103 , -0.0408168 , 0
0.24 , 0.0216667 , 0.242771 , 0.0138482 , 0.24 , 0.0216667 , 0.246386 , 0.00365509 , 0.189347 , -0.180818 , 0.0997305 , -0.281172 , 0.248048 , 0.000622298 , 0.190449 , -0.1831 , 0.296397 , -0.0458608 , 0
0.25 , 0 , 0.250082 , 5.00866e-07 , 0.25 , 0 , 0.250187 , 1.17375e-06 , 0.190373 , -0.18363 , 0.00288759 , 1.85612e-05 , 0.251855 , -0.0030503 , 0.190507 , -0.1831 , 0.300219 , -0.0495333 , 0
0.26 , -0.0216667 , 0.257394 , -0.0138472 , 0.26 , -0.0216667 , 0.253988 , -0.00365273 , 0.189463 , -0.180818 , -0.0939374 , 0.281209 , 0.255645 , -0.00666665 , 0.188628 , -0.177476 , 0.303531 , -0.0517219 , 0
0.27 , -0.0433333 , 0.264689 , -0.0276464 , 0.27 , -0.0433333 , 0.257752 , -0.00719405 , 0.18661 , -0.172364 , -0.191354 , 0.564169 , 0.259377 , -0.0101139 , 0.184801 , -0.166192 , 0.306292 , -0.0523047 , 0
0.28 , -0.065 , 0.27154 , -0.0402783 , 0.28 , -0.065 , 0.26144 , -0.0105115 , 0.18191 , -0.158511 , -0.278601 , 0.821105 , 0.263015 , -0.0132841 , 0.179229 , -0.14977 , 0.308515 , -0.0513059 , -0.05
0.281667 , -0.065 , 0.274432 , -0.0425993 , 0.281667 , -0.065 , 0.265024 , -0.0135186 , 0.176529 , -0.142278 , -0.259513 , 0.802175 , 0.266546 , -0.0161297 , 0.174039 , -0.133727 , 0.310728 , -0.0500785 , -0.05
0.283333 , -0.065 , 0.276868 , -0.0437126 , 0.283333 , -0.065 , 0.268505 , -0.0162066 , 0.171627 , -0.126669 , -0.230693 , 0.758738 , 0.269978 , -0.0186631 , 0.169425 , -0.118552 , 0.31299 , -0.0487595 , -0.05
0.285 , -0.065 , 0.279268 , -0.0447061 , 0.285 , -0.065 , 0.271893 , -0.0185908 , 0.167286 , -0.111878 , -0.203443 , 0.720378 , 0.273324 , -0.0209007 , 0.165356 , -0.104144 , 0.315302 , -0.0473395 , -0.05
0.286667 , -0.065 , 0.28165 , -0.0456171 , 0.286667 , -0.065 , 0.2752 , -0.0206864 , 0.163472 , -0.0977972 , -0.177919 , 0.6877 , 0.276593 , -0.0228566 , 0.161798 , -0.0903904 , 0.317668 , -0.0458037 , -0.05
0.288333 , -0.065 , 0.284004 , -0.0464192 , 0.288333 , -0.065 , 0.278435 , -0.0225067 , 0.160157 , -0.084324 , -0.153621 , 0.659617 , 0.279796 , -0.0245431 , 0.158725 , -0.0771981 , 0.320092 , -0.0441411 , -0.05
0.29 , -0.065 , 0.286332 , -0.047106 , 0.29 , -0.065 , 0.281609 , -0.0240628 , 0.157318 , -0.0713715 , -0.130275 , 0.635634 , 0.282943 , -0.0259705 , 0.15612 , -0.0644854 , 0.322576 , -0.0423412 , -0.05
0.291667 , -0.065 , 0.288636 , -0.0476795 , 0.291667 , -0.065 , 0.284731 , -0.0253644 , 0.154938 , -0.0588597 , -0.107717 , 0.61555 , 0.286042 , -0.0271477 , 0.153965 , -0.0521744 , 0.325128 , -0.0403931 , -0.05
0.293333 , -0.065 , 0.29092 , -0.0481437 , 0.293333 , -0.065 , 0.28781 , -0.0264196 , 0.153003 , -0.0467117 , -0.085808 , 0.599249 , 0.289102 , -0.0280819 , 0.152249 , -0.0401894 , 0.327753 , -0.0382847 , -0.05
0.295 , -0.065 , 0.293189 , -0.0485018 , 0.295 , -0.065 , 0.290854 , -0.0272348 , 0.1515 , -0.0348528 , -0.0644196 , 0.586642 , 0.292132 , -0.028779 , 0.150961 , -0.0284566 , 0.330456 , -0.0360032 , -0.05
0.296667 , -0.065 , 0.295447 , -0.0487566 , 0.296667 , -0.065 , 0.293872 , -0.0278151 , 0.150422 , -0.0232098 , -0.0434227 , 0.577662 , 0.29514 , -0.0292432 , 0.150092 , -0.0169034 , 0.333244 , -0.0335344 , -0.05
0.298333 , -0.065 , 0.297696 , -0.0489097 , 0.298333 , -0.065 , 0.296873 , -0.0281641 , 0.149761 , -0.0117106 , -0.0226904 , 0.572257 , 0.298135 , -0.0294774 , 0.149639 , -0.00545822 , 0.336124 , -0.0308631 , -0.05
0.3 , -0.065 , 0.299942 , -0.0489622 , 0.3 , -0.065 , 0.299866 , -0.028284 , 0.149513 , -0.000284004 , -0.00209662 , 0.570399 , 0.301126 , -0.0294831 , 0.149597 , 0.00594976 , 0.339103 , -0.0279726 , -0.05
0.301667 , -0.065 , 0.302187 , -0.0489145 , 0.301667 , -0.065 , 0.302857 , -0.0281755 , 0.149677 , 0.0111407 , 0.0184841 , 0.572075 , 0.304119 , -0.0292603 , 0.149966 , 0.0173913 , 0.342191 , -0.0248452 , -0.05
0.303333 , -0.065 , 0.304435 , -0.0487661 , 0.303333 , -0.065 , 0.305855 , -0.0278379 , 0.150253 , 0.0226344 , 0.039177 , 0.577296 , 0.307124 , -0.0288076 , 0.15075 , 0.0289372 , 0.345395 , -0.0214614 , -0.05
0.305 , -0.065 , 0.306691 , -0.0485162 , 0.305 , -0.065 , 0.30887 , -0.0272692 , 0.151246 , 0.0342683 , 0.0601078 , 0.58609 , 0.310149 , -0.0281222 , 0.151952 , 0.040659 , 0.348725 , -0.0178002 , -0.05
0.306667 , -0.065 , 0.308957 , -0.048163 , 0.306667 , -0.065 , 0.311908 , -0.0264658 , 0.152661 , 0.0461143 , 0.0814033 , 0.598507 , 0.313202 , -0.0271999 , 0.15358 , 0.0526291 , 0.352191 , -0.0138391 , -0.05
0.308333 , -0.065 , 0.311238 , -0.0477039 , 0.308333 , -0.065 , 0.314979 , -0.0254227 , 0.154507 , 0.0582455 , 0.103191 , 0.614615 , 0.316292 , -0.026035 , 0.155644 , 0.0649214 , 0.355805 , -0.00955361 , -0.05
0.31 , -0.065 , 0.313538 , -0.0471356 , 0.31 , -0.065 , 0.318091 , -0.0241336 , 0.156795 , 0.0707366 , 0.125601 , 0.634499 , 0.319428 , -0.0246203 , 0.158156 , 0.0776114 , 0.359579 , -0.00491732 , -0.05
0.311667 , -0.065 , 0.315861 , -0.0464543 , 0.311667 , -0.065 , 0.321254 , -0.0225904 , 0.159539 , 0.0836644 , 0.148769 , 0.658274 , 0.322619 , -0.022947 , 0.161131 , 0.0907769 , 0.363525 , 9.82497e-05 , -0.05
0.313333 , -0.065 , 0.318209 , -0.0456577 , 0.313333 , -0.065 , 0.324476 , -0.0207836 , 0.162755 , 0.0971085 , 0.172859 , 0.686141 , 0.325874 , -0.0210048 , 0.164589 , 0.1045 , 0.367658 , 0.00552419 , -0.05
0.315 , -0.065 , 0.320584 , -0.0447527 , 0.315 , -0.065 , 0.327767 , -0.0187021 , 0.166465 , 0.111156 , 0.198144 , 0.718593 , 0.329204 , -0.0187817 , 0.168551 , 0.118872 , 0.371993 , 0.0113958 , -0.05
0.316667 , -0.065 , 0.322977 , -0.0437654 , 0.316667 , -0.065 , 0.331138 , -0.0163327 , 0.170698 , 0.125909 , 0.22512 , 0.756716 , 0.332618 , -0.0162635 , 0.173054 , 0.134006 , 0.37655 , 0.0177561 , -0.05
0.318333 , -0.065 , 0.325404 , -0.0426586 , 0.318333 , -0.065 , 0.334599 , -0.0136604 , 0.175485 , 0.141475 , 0.253632 , 0.799902 , 0.336127 , -0.013434 , 0.178126 , 0.150004 , 0.381348 , 0.024647 , -0.05
0.32 , -0.065 , 0.328286 , -0.0403446 , 0.32 , -0.065 , 0.338161 , -0.0106697 , 0.180746 , 0.15766 , 0.272376 , 0.818567 , 0.339742 , -0.0102808 , 0.183574 , 0.166375 , 0.386346 , 0.0319563 , 0
0.33 , -0.0433333 , 0.335127 , -0.02772 , 0.33 , -0.0433333 , 0.341824 , -0.00736982 , 0.185317 , 0.171459 , 0.184746 , 0.561351 , 0.343449 , -0.00685165 , 0.187269 , 0.177602 , 0.39099 , 0.0382357 , 0
0.34 , -0.0216667 , 0.34241 , -0.0139286 , 0.34 , -0.0216667 , 0.345561 , -0.00384718 , 0.188033 , 0.179853 , 0.0869048 , 0.278091 , 0.347209 , -0.00325459 , 0.189007 , 0.183164 , 0.395192 , 0.0432447 , 0
0.35 , 0 , 0.349709 , -8.92691e-05 , 0.35 , 0 , 0.349333 , -0.000213188 , 0.188798 , 0.1826 , -0.0103884 , -0.00341826 , 0.350985 , 0.000397417 , 0.188799 , 0.183096 , 0.398915 , 0.0468794 , 0
0.36 , 0.0216667 , 0.357006 , 0.0137495 , 0.36 , 0.0216667 , 0.3531 , 0.00341943 , 0.187617 , 0.179716 , -0.107746 , -0.28495 , 0.354737 , 0.00399175 , 0.186644 , 0.177397 , 0.40212 , 0.0490269 , 0
0.37 , 0.0433333 , 0.364284 , 0.0275392 , 0.37 , 0.0433333 , 0.356824 , 0.00693796 , 0.184482 , 0.171184 , -0.205782 , -0.568275 , 0.358427 , 0.00741543 , 0.182529 , 0.166031 , 0.404765 , 0.0495653 , 0
0.38 , 0.065 , 0.371116 , 0.0401608 , 0.38 , 0.065 , 0.360467 , 0.0102309 , 0.179487 , 0.157245 , -0.293737 , -0.825601 , 0.362017 , 0.0105603 , 0.176654 , 0.149519 , 0.406863 , 0.0485183 , 0.05
0.381667 , 0.065 , 0.373985 , 0.0424707 , 0.381667 , 0.065 , 0.363999 , 0.0132119 , 0.173795 , 0.140919 , -0.275452 , -0.80709 , 0.365493 , 0.0133787 , 0.171145 , 0.133377 , 0.408941 , 0.0472388 , 0.05
0.383333 , 0.065 , 0.376395 , 0.0435722 , 0.383333 , 0.065 , 0.367422 , 0.0158717 , 0.168565 , 0.125207 , -0.247534 , -0.764105 , 0.368864 , 0.0158828 , 0.166194 , 0.118095 , 0.411055 , 0.0458633 , 0.05
0.385 , 0.065 , 0.378768 , 0.044553 , 0.385 , 0.065 , 0.370745 , 0.0182255 , 0.163877 , 0.110303 , -0.221291 , -0.72623 , 0.372142 , 0.0180889 , 0.161768 , 0.103571 , 0.413209 , 0.0443821 , 0.05
0.386667 , 0.065 , 0.381118 , 0.0454502 , 0.386667 , 0.065 , 0.37398 , 0.0202885 , 0.159695 , 0.0961001 , -0.196885 , -0.694074 , 0.375335 , 0.0200109 , 0.157831 , 0.0896892 , 0.415403 , 0.04278 , 0.05
0.388333 , 0.065 , 0.383438 , 0.0462376 , 0.388333 , 0.065 , 0.377136 , 0.0220735 , 0.155988 , 0.0824938 , -0.173823 , -0.666555 , 0.378455 , 0.0216608 , 0.154354 , 0.0763581 , 0.417641 , 0.0410456 , 0.05
0.39 , 0.065 , 0.385727 , 0.0469083 , 0.39 , 0.065 , 0.380223 , 0.0235916 , 0.152731 , 0.0693965 , -0.151839 , -0.64318 , 0.38151 , 0.0230487 , 0.151317 , 0.0634945 , 0.419924 , 0.0391679 , 0.05
0.391667 , 0.065 , 0.387989 , 0.0474645 , 0.391667 , 0.065 , 0.383248 , 0.0248522 , 0.149905 , 0.0567272 , -0.130776 , -0.623751 , 0.384508 , 0.0241833 , 0.148702 , 0.0510195 , 0.422258 , 0.0371354 , 0.05
0.393333 , 0.065 , 0.390228 , 0.0479101 , 0.393333 , 0.065 , 0.386222 , 0.025863 , 0.147492 , 0.0444081 , -0.110507 , -0.608157 , 0.387458 , 0.0250714 , 0.146492 , 0.0388564 , 0.424647 , 0.0349358 , 0.05
0.395 , 0.065 , 0.392447 , 0.0482481 , 0.395 , 0.065 , 0.389151 , 0.0266303 , 0.145478 , 0.0323634 , -0.0909123 , -0.596316 , 0.390367 , 0.0257187 , 0.144674 , 0.02693 , 0.427095 , 0.0325553 , 0.05
0.396667 , 0.065 , 0.394649 , 0.0484811 , 0.396667 , 0.065 , 0.392043 , 0.0271589 , 0.14385 , 0.0205186 , -0.071874 , -0.588162 , 0.393244 , 0.0261291 , 0.143236 , 0.0151668 , 0.429607 , 0.0299794 , 0.05
0.398333 , 0.065 , 0.396839 , 0.0486106 , 0.398333 , 0.065 , 0.394907 , 0.0274519 , 0.142599 , 0.00880045 , -0.0532774 , -0.583651 , 0.396096 , 0.0263051 , 0.14217 , 0.0034938 , 0.432189 , 0.027192 , 0.05
0.4 , 0.065 , 0.399019 , 0.0486376 , 0.4 , 0.065 , 0.39775 , 0.0275113 , 0.141716 , -0.00286365 , -0.03501 , -0.582758 , 0.398931 , 0.0262478 , 0.14147 , -0.00816137 , 0.434845 , 0.0241759 , 0.05
0.401667 , 0.065 , 0.401193 , 0.0485623 , 0.401667 , 0.065 , 0.400578 , 0.0273373 , 0.141196 , -0.014546 , -0.0169608 , -0.585479 , 0.401755 , 0.0259569 , 0.141131 , -0.019871 , 0.437583 , 0.0209123 , 0.05
0.403333 , 0.065 , 0.403365 , 0.0483841 , 0.403333 , 0.065 , 0.4034 , 0.0269289 , 0.141036 , -0.0263191 , 0.000979698 , -0.591831 , 0.404575 , 0.0254305 , 0.141151 , -0.0317076 , 0.440409 , 0.017381 , 0.05
0.405 , 0.065 , 0.405536 , 0.0481019 , 0.405 , 0.065 , 0.406222 , 0.0262836 , 0.141235 , -0.0382559 , 0.0189201 , -0.601848 , 0.4074 , 0.0246654 , 0.141529 , -0.0437445 , 0.44333 , 0.0135601 , 0.05
0.406667 , 0.065 , 0.407712 , 0.0477137 , 0.406667 , 0.065 , 0.409052 , 0.0253972 , 0.141794 , -0.0504303 , 0.0369683 , -0.61559 , 0.410236 , 0.0236568 , 0.142268 , -0.0560563 , 0.446353 , 0.00942592 , 0.05
0.408333 , 0.065 , 0.409894 , 0.0472168 , 0.408333 , 0.065 , 0.411896 , 0.0242644 , 0.142716 , -0.0629175 , 0.0552322 , -0.63313 , 0.41309 , 0.0223984 , 0.143373 , -0.0687189 , 0.449488 , 0.00495295 , 0.05
0.41 , 0.065 , 0.412087 , 0.0466075 , 0.41 , 0.065 , 0.414763 , 0.022878 , 0.144007 , -0.0757945 , 0.0738192 , -0.654566 , 0.41597 , 0.0208825 , 0.144849 , -0.0818102 , 0.452743 , 0.000113609 , 0.05
0.411667 , 0.065 , 0.414293 , 0.0458819 , 0.411667 , 0.065 , 0.417659 , 0.0212296 , 0.145673 , -0.0891404 , 0.0928412 , -0.68002 , 0.418884 , 0.0190997 , 0.146706 , -0.0954107 , 0.456128 , -0.00512189 , 0.05
0.413333 , 0.065 , 0.416516 , 0.0450374 , 0.413333 , 0.065 , 0.420592 , 0.0193089 , 0.147726 , -0.103038 , 0.112437 , -0.709706 , 0.421838 , 0.017039 , 0.148955 , -0.109605 , 0.459653 , -0.0107861 , 0.05
0.415 , 0.065 , 0.418755 , 0.0440803 , 0.415 , 0.065 , 0.423571 , 0.017104 , 0.150179 , -0.117576 , 0.132851 , -0.744129 , 0.424842 , 0.0146874 , 0.151612 , -0.124487 , 0.463331 , -0.0169158 , 0.05
0.416667 , 0.065 , 0.421 , 0.0430368 , 0.416667 , 0.065 , 0.426602 , 0.0146011 , 0.153053 , -0.132861 , 0.154551 , -0.784385 , 0.427903 , 0.0120302 , 0.154703 , -0.140175 , 0.467177 , -0.0235556 , 0.05
0.418333 , 0.065 , 0.423267 , 0.0418691 , 0.418333 , 0.065 , 0.429696 , 0.011784 , 0.156372 , -0.149004 , 0.177348 , -0.829882 , 0.43103 , 0.00905014 , 0.15825 , -0.156773 , 0.471205 , -0.0307493 , 0.05
0.42 , 0.065 , 0.425975 , 0.0394892 , 0.42 , 0.065 , 0.43286 , 0.0086367 , 0.160044 , -0.165813 , 0.189901 , -0.85105 , 0.434231 , 0.00573388 , 0.162048 , -0.173794 , 0.47537 , -0.0383866 , 0
0.43 , 0.0433333 , 0.432628 , 0.0267933 , 0.43 , 0.0433333 , 0.436092 , 0.00516718 , 0.162899 , -0.180289 , 0.0955693 , -0.596545 , 0.437489 , 0.00212809 , 0.163959 , -0.185725 , 0.479113 , -0.0450212 , 0
0.44 , 0.0216667 , 0.439708 , 0.0129246 , 0.44 , 0.0216667 , 0.439363 , 0.00146078 , 0.163759 , -0.189417 , -0.00952983 , -0.316223 , 0.440764 , -0.00166024 , 0.163769 , -0.192049 , 0.48234 , -0.0504152 , 0
0.45 , 0 , 0.446787 , -0.000998422 , 0.45 , 0 , 0.442629 , -0.00237222 , 0.162517 , -0.192958 , -0.114695 , -0.0378955 , 0.444015 , -0.00551941 , 0.161475 , -0.192807 , 0.485008 , -0.0544667 , 0
0.46 , -0.0216667 , 0.453847 , -0.0149278 , 0.46 , -0.0216667 , 0.445849 , -0.00622039 , 0.159164 , -0.190935 , -0.22062 , 0.240189 , 0.447198 , -0.00933811 , 0.157063 , -0.188003 , 0.487071 , -0.0570659 , 0
0.47 , -0.0433333 , 0.46087 , -0.0288155 , 0.47 , -0.0433333 , 0.448981 , -0.00997238 , 0.153678 , -0.183336 , -0.327941 , 0.519779 , 0.450272 , -0.0130048 , 0.150504 , -0.177608 , 0.48848 , -0.0580935 , 0
0.48 , -0.065 , 0.467383 , -0.0415433 , 0.48 , -0.065 , 0.451983 , -0.0135182 , 0.146151 , -0.170407 , -0.424808 , 0.773058 , 0.453195 , -0.016413 , 0.142008 , -0.162146 , 0.489246 , -0.0575766 , -0.05
0.480833 , -0.065 , 0.46952 , -0.0439682 , 0.480833 , -0.065 , 0.454822 , -0.0167731 , 0.137848 , -0.155175 , -0.405443 , 0.750164 , 0.455952 , -0.0195165 , 0.133899 , -0.147143 , 0.489944 , -0.0568713 , -0.05
0.481667 , -0.065 , 0.471135 , -0.0451942 , 0.481667 , -0.065 , 0.4575 , -0.0197296 , 0.130033 , -0.140649 , -0.376121 , 0.702428 , 0.458552 , -0.0223294 , 0.126376 , -0.133095 , 0.490635 , -0.0561178 , -0.05
0.4825 , -0.065 , 0.47269 , -0.0463098 , 0.4825 , -0.065 , 0.460027 , -0.0224048 , 0.122779 , -0.127031 , -0.349291 , 0.659407 , 0.461008 , -0.0248701 , 0.11939 , -0.119906 , 0.491317 , -0.0553104 , -0.05
0.483333 , -0.065 , 0.474202 , -0.047353 , 0.483333 , -0.065 , 0.462415 , -0.0248159 , 0.116034 , -0.11422 , -0.325142 , 0.621675 , 0.463329 , -0.0271545 , 0.112888 , -0.107473 , 0.491987 , -0.0544383 , -0.05
0.484167 , -0.065 , 0.475662 , -0.0482984 , 0.484167 , -0.065 , 0.464672 , -0.026978 , 0.109751 , -0.102122 , -0.303151 , 0.588114 , 0.465524 , -0.0291969 , 0.106825 , -0.0957107 , 0.492643 , -0.0534947 , -0.05
0.485 , -0.065 , 0.477069 , -0.0491404 , 0.485 , -0.065 , 0.466808 , -0.0289046 , 0.103889 , -0.0906592 , -0.283047 , 0.558194 , 0.467601 , -0.0310101 , 0.101164 , -0.0845468 , 0.493283 , -0.0524737 , -0.05
0.485833 , -0.065 , 0.478425 , -0.0498821 , 0.485833 , -0.065 , 0.46883 , -0.0306077 , 0.098412 , -0.0797605 , -0.264682 , 0.531675 , 0.46957 , -0.0326053 , 0.09587 , -0.0739133 , 0.493908 , -0.0513695 , -0.05
0.486667 , -0.065 , 0.479735 , -0.0505285 , 0.486667 , -0.065 , 0.470747 , -0.0320979 , 0.0932857 , -0.0693598 , -0.247947 , 0.508401 , 0.471435 , -0.0339925 , 0.0909111 , -0.0637453 , 0.494515 , -0.0501753 , -0.05
0.4875 , -0.065 , 0.481001 , -0.0510842 , 0.4875 , -0.065 , 0.472564 , -0.0333845 , 0.0884788 , -0.0593935 , -0.232744 , 0.488238 , 0.473205 , -0.0351804 , 0.0862562 , -0.0539805 , 0.495102 , -0.0488842 , -0.05
0.488333 , -0.065 , 0.482226 , -0.051553 , 0.488333 , -0.065 , 0.474288 , -0.0344756 , 0.0839615 , -0.0498004 , -0.218983 , 0.471072 , 0.474884 , -0.0361764 , 0.0818766 , -0.0445591 , 0.49567 , -0.0474885 , -0.05
0.489167 , -0.065 , 0.483413 , -0.0519381 , 0.489167 , -0.065 , 0.475924 , -0.0353781 , 0.0797058 , -0.0405218 , -0.206583 , 0.4568 , 0.476478 , -0.0369868 , 0.0777449 , -0.0354231 , 0.496215 , -0.0459796 , -0.05
0.49 , -0.065 , 0.484564 , -0.0522421 , 0.49 , -0.065 , 0.477478 , -0.0360976 , 0.0756853 , -0.0315005 , -0.195469 , 0.445336 , 0.477992 , -0.0376168 , 0.0738355 , -0.0265164 , 0.496736 , -0.0443485 , -0.05
0.490833 , -0.065 , 0.485681 , -0.0524669 , 0.490833 , -0.065 , 0.478953 , -0.0366388 , 0.0718748 , -0.0226811 , -0.185574 , 0.43661 , 0.479429 , -0.0380704 , 0.070124 , -0.0177842 , 0.497232 , -0.0425853 , -0.05
0.491667 , -0.065 , 0.486765 , -0.0526142 , 0.491667 , -0.065 , 0.480354 , -0.0370052 , 0.0682507 , -0.0140094 , -0.176838 , 0.430567 , 0.480794 , -0.0383506 , 0.0665873 , -0.00917283 , 0.497699 , -0.0406793 , -0.05
0.4925 , -0.065 , 0.487819 , -0.0526849 , 0.4925 , -0.065 , 0.481684 , -0.0371991 , 0.0647902 , -0.00543221 , -0.169207 , 0.427166 , 0.48209 , -0.0384593 , 0.0632031 , -0.000629517 , 0.498135 , -0.0386191 , -0.05
0.493333 , -0.065 , 0.488843 , -0.0526793 , 0.493333 , -0.065 , 0.482947 , -0.037222 , 0.0614718 , 0.00310316 , -0.162636 , 0.426382 , 0.48332 , -0.0383972 , 0.0599504 , 0.00789812 , 0.498539 , -0.0363921 , -0.05
0.494167 , -0.065 , 0.489839 , -0.0525975 , 0.494167 , -0.065 , 0.484144 , -0.0370741 , 0.0582745 , 0.0116489 , -0.157085 , 0.428204 , 0.484485 , -0.0381642 , 0.0568087 , 0.0164622 , 0.498907 , -0.033985 , -0.05
0.495 , -0.065 , 0.490808 , -0.0524387 , 0.495 , -0.065 , 0.485279 , -0.0367548 , 0.0551785 , 0.0202572 , -0.152518 , 0.432634 , 0.485589 , -0.0377591 , 0.0537584 , 0.0251149 , 0.499236 , -0.0313833 , -0.05
0.495833 , -0.065 , 0.491751 , -0.052202 , 0.495833 , -0.065 , 0.486352 , -0.0362622 , 0.0521642 , 0.0289803 , -0.148908 , 0.439693 , 0.486632 , -0.0371795 , 0.0507802 , 0.0339087 , 0.499523 , -0.0285712 , -0.05
0.496667 , -0.065 , 0.492667 , -0.0518869 , 0.496667 , -0.065 , 0.487366 , -0.0355934 , 0.0492127 , 0.0378716 , -0.146236 , 0.449448 , 0.487616 , -0.0364221 , 0.0478555 , 0.0428977 , 0.499765 , -0.0255317 , -0.05
0.4975 , -0.065 , 0.49356 , -0.0514975 , 0.4975 , -0.065 , 0.488321 , -0.0347447 , 0.0463053 , 0.0469871 , -0.144498 , 0.462118 , 0.488542 , -0.0354823 , 0.0449655 , 0.0521401 , 0.499958 , -0.0222457 , -0.05
0.498333 , -0.065 , 0.494429 , -0.0510473 , 0.498333 , -0.065 , 0.489219 , -0.0337108 , 0.0434231 , 0.0563903 , -0.143718 , 0.478218 , 0.489411 , -0.0343545 , 0.0420911 , 0.0617044 , 0.500096 , -0.0186898 , -0.05
0.499167 , -0.065 , 0.495274 , -0.0505182 , 0.499167 , -0.065 , 0.490059 , -0.0324855 , 0.0405473 , 0.0661465 , -0.143858 , 0.497423 , 0.490222 , -0.0330316 , 0.039214 , 0.0716529 , 0.500177 , -0.0148413 , -0.05
0.5 , -0.065 , 0.496053 , -0.0493664 , 0.5 , -0.065 , 0.490841 , -0.0310618 , 0.0376709 , 0.0761698 , -0.143773 , 0.504923 , 0.490975 , -0.0315082 , 0.0363385 , 0.0817513 , 0.5002 , -0.0107542 , 0
0.5 , -0.0541667 , 0.496417 , -0.0430406 , 0.5 , -0.0541667 , 0.491567 , -0.0294453 , 0.0348952 , 0.084969 , -0.133789 , 0.375021 , 0.491673 , -0.0298088 , 0.0336627 , 0.0892518 , 0.500219 , -0.00715074 , 0
0.5 , -0.0433333 , 0.496717 , -0.0361126 , 0.5 , -0.0433333 , 0.492239 , -0.0276795 , 0.0323221 , 0.0910452 , -0.123519 , 0.232623 , 0.49232 , -0.0279879 , 0.0311923 , 0.0939042 , 0.500238 , -0.00414873 , 0
0.5 , -0.0325 , 0.496996 , -0.0291418 , 0.5 , -0.0325 , 0.492861 , -0.0258205 , 0.0299463 , 0.0942873 , -0.114049 , 0.0916166 , 0.492918 , -0.0261022 , 0.0289114 , 0.0957366 , 0.500258 , -0.00179781 , 0
0.5 , -0.0216667 , 0.497258 , -0.0221523 , 0.5 , -0.0216667 , 0.493438 , -0.0239247 , 0.0277522 , 0.0947143 , -0.105354 , -0.0488918 , 0.493474 , -0.0242079 , 0.0268043 , 0.0947587 , 0.500278 , -0.000151765 , 0
0.5 , -0.0108333 , 0.497502 , -0.0151681 , 0.5 , -0.0108333 , 0.493973 , -0.0220485 , 0.0257251 , 0.0923272 , -0.0973479 , -0.189792 , 0.493988 , -0.0223613 , 0.0248573 , 0.0909629 , 0.500298 , 0.00073114 , 0
0.5 , 0 , 0.497731 , -0.00874828 , 0.5 , 0 , 0.494469 , -0.0202471 , 0.0238518 , 0.0872571 , -0.0899706 , -0.31719 , 0.494465 , -0.0206162 , 0.0230579 , 0.0846191 , 0.500319 , 0.000865798 , 0
0.5 , 0 , 0.497944 , -0.00746423 , 0.5 , 0 , 0.494929 , -0.0185634 , 0.0221203 , 0.0810231 , -0.0831761 , -0.306166 , 0.494907 , -0.0189957 , 0.0213944 , 0.0784957 , 0.500339 , 0.000931751 , 0
0.5 , 0 , 0.498144 , -0.00676371 , 0.5 , 0 , 0.495355 , -0.0170013 , 0.0205192 , 0.0751371 , -0.0769247 , -0.282398 , 0.495318 , -0.017493 , 0.0198559 , 0.0728478 , 0.500359 , 0.00100067 , 0
0.5 , 0 , 0.498332 , -0.00610215 , 0.5 , 0 , 0.495751 , -0.015552 , 0.019038 , 0.0697061 , -0.0711802 , -0.260671 , 0.495699 , -0.0160989 , 0.0184323 , 0.0676344 , 0.500378 , 0.00107127 , 0
0.5 , 0 , 0.498508 , -0.00546014 , 0.5 , 0 , 0.496119 , -0.0142071 , 0.017667 , 0.0646861 , -0.0659098 , -0.241282 , 0.496052 , -0.0148051 , 0.0171141 , 0.0628087 , 0.500397 , 0.00113992 , 0
0.5 , 0 , 0.498674 , -0.00484991 , 0.5 , 0 , 0.496459 , -0.0129588 , 0.0163969 , 0.060036 , -0.0610835 , -0.223678 , 0.49638 , -0.0136044 , 0.0158924 , 0.0583352 , 0.500414 , 0.00120495 , 0
0.5 , 0 , 0.498831 , -0.00427378 , 0.5 , 0 , 0.496776 , -0.0117998 , 0.0152192 , 0.0557227 , -0.0566745 , -0.207602 , 0.496684 , -0.01249 , 0.0147589 , 0.0541831 , 0.500431 , 0.00126534 , 0
0.5 , 0 , 0.498979 , -0.00372948 , 0.5 , 0 , 0.49707 , -0.0107238 , 0.0141257 , 0.0517168 , -0.0526585 , -0.192936 , 0.496967 , -0.0114556 , 0.0137058 , 0.0503244 , 0.500446 , 0.00132008 , 0
0.5 , 0 , 0.49912 , -0.0032138 , 0.5 , 0 , 0.497343 , -0.00972497 , 0.0131088 , 0.0479908 , -0.0490138 , -0.179607 , 0.497229 , -0.0104958 , 0.0127255 , 0.0467323 , 0.50046 , 0.00136797 , 0
0.5 , 0 , 0.499254 , -0.00272365 , 0.5 , 0 , 0.497596 , -0.00879785 , 0.0121613 , 0.0445185 , -0.0457216 , -0.167554 , 0.497472 , -0.00960544 , 0.0118111 , 0.0433812 , 0.500471 , 0.00140761 , 0
0.5 , 0 , 0.499381 , -0.0022562 , 0.5 , 0 , 0.497831 , -0.00793766 , 0.0112763 , 0.0412751 , -0.0427653 , -0.15672 , 0.497698 , -0.00877994 , 0.0109558 , 0.0402468 , 0.500479 , 0.00143739 , 0
0.5 , 0 , 0.499504 , -0.00180884 , 0.5 , 0 , 0.498049 , -0.00714003 , 0.0104471 , 0.0382366 , -0.0401308 , -0.147058 , 0.497907 , -0.0080152 , 0.0101531 , 0.0373056 , 0.500484 , 0.00145546 , 0
0.5 , 0 , 0.499621 , -0.00137916 , 0.5 , 0 , 0.498251 , -0.00640108 , 0.0096675 , 0.0353799 , -0.0378062 , -0.138527 , 0.4981 , -0.00730761 , 0.00939702 , 0.0345351 , 0.500486 , 0.00145971 , 0
0.5 , 0 , 0.499735 , -0.000964928 , 0.5 , 0 , 0.498438 , -0.00571737 , 0.00893137 , 0.0326828 , -0.0357822 , -0.131094 , 0.498279 , -0.00665395 , 0.00868138 , 0.0319132 , 0.500483 , 0.00144776 , 0
0.5 , 0 , 0.499845 , -0.00056405 , 0.5 , 0 , 0.49861 , -0.00508592 , 0.00823278 , 0.0301236 , -0.0340514 , -0.124734 , 0.498443 , -0.00605148 , 0.00800035 , 0.0294185 , 0.500474 , 0.00141692 , 0
0.5 , 0 , 0.499951 , -0.000174589 , 0.5 , 0 , 0.498769 , -0.00450416 , 0.00756589 , 0.027681 , -0.032609 , -0.119429 , 0.498595 , -0.00549786 , 0.00734817 , 0.02703 , 0.50046 , 0.00136415 , 0
0.5 , 0 , 0.500055 , 0.000205264 , 0.5 , 0 , 0.498915 , -0.00396993 , 0.00692498 , 0.0253338 , -0.0314521 , -0.115171 , 0.498733 , -0.00499118 , 0.00671913 , 0.0247265 , 0.500439 , 0.00128607 , 0
0.5 , 0 , 0.500157 , 0.000577193 , 0.5 , 0 , 0.499049 , -0.00348153 , 0.00630432 , 0.0230614 , -0.0305804 , -0.111958 , 0.498859 , -0.00452995 , 0.00610752 , 0.0224874 , 0.50041 , 0.00117885 , 0
0.5 , 0 , 0.500258 , 0.000942761 , 0.5 , 0 , 0.49917 , -0.00303763 , 0.0056982 , 0.0208425 , -0.0299958 , -0.109797 , 0.498973 , -0.0041131 , 0.0055076 , 0.0202914 , 0.500371 , 0.00103822 , 0
0.5 , 0 , 0.500356 , 0.00130341 , 0.5 , 0 , 0.49928 , -0.00263734 , 0.00510084 , 0.0186561 , -0.0297024 , -0.108704 , 0.499075 , -0.00373998 , 0.00491356 , 0.0181174 , 0.500323 , 0.00085942 , 0
0.5 , 0 , 0.500454 , 0.00166046 , 0.5 , 0 , 0.499377 , -0.00228019 , 0.00450633 , 0.0164805 , -0.0297067 , -0.108701 , 0.499165 , -0.00341037 , 0.00431942 , 0.0159434 , 0.500262 , 0.000637119 , 0
0.5 , 0 , 0.500551 , 0.00201519 , 0.5 , 0 , 0.499463 , -0.00196616 , 0.00390863 , 0.0142936 , -0.0300181 , -0.109824 , 0.499243 , -0.0031245 , 0.00371906 , 0.0137469 , 0.500188 , 0.00036538 , 0
0.5 , 0 , 0.500648 , 0.0023692 , 0.5 , 0 , 0.499537 , -0.00169566 , 0.00330145 , 0.0120724 , -0.0306511 , -0.112127 , 0.499309 , -0.00288305 , 0.00310604 , 0.0115043 , 0.500098 , 3.75205e-05 , 0
0.5 , 0 , 0.500746 , 0.0027257 , 0.5 , 0 , 0.499599 , -0.00146958 , 0.00267806 , 0.00979192 , -0.0316353 , -0.115725 , 0.499363 , -0.00268721 , 0.00247333 , 0.00918985 , 0.499991 , -0.000354215 , 0
0.5 , 0 , 0.500846 , 0.00309123 , 0.5 , 0 , 0.499648 , -0.00128932 , 0.00203084 , 0.00742423 , -0.0330293 , -0.120835 , 0.499404 , -0.00253873 , 0.00181275 , 0.00677314 , 0.499864 , -0.000819252 , 0
0.5 , 0 , 0.500946 , 0.00345895 , 0.5 , 0 , 0.499684 , -0.00115689 , 0.00135186 , 0.00494037 , -0.0348065 , -0.127326 , 0.499431 , -0.00243992 , 0.00111662 , 0.00422662 , 0.499714 , -0.00136692 , 0
0.5 , 0 , 0.500993 , 0.00362264 , 0.5 , 0 , 0.499707 , -0.00107444 , 0.000648431 , 0.00236901 , -0.03547 , -0.129567 , 0.499444 , -0.00239254 , 0.000407217 , 0.00163529 , 0.499547 , -0.00197739 , 0
